算法设计与分析*
1
公教1-311
方芳
1 2
8
1
2
3
4
5
6
8
9

三维地学建模与分析*
1
公教1-318
花卫华
1 2
8
10
12
13
14
15
16
17
18

数据库原理与应用A*
2
公教1-315
杨林
1 2
9
1
2
3
4
5
6
8
9
10

现代软件工程*
3
公教1-318
赵一石
1 2
7
1
2
3
4
5
6
7

操作系统原理*
4
公教1-508
张德军
1 2
8
1
2
3
4
5
6
7
8

现代软件工程*
1
公教1-318
赵一石
3 4
7
1
2
3
4
5
6
8

操作系统原理*
2
公教1-508
张德军
3 4
8
1
2
3
4
5
6
8
9

算法设计与分析*
3
公教1-318
方芳
3 4
8
1
2
3
4
5
6
7
8

三维地学建模与分析*
3
公教1-318
花卫华
3 4
8
10
12
13
14
15
16
17
18

数据库原理与应用A*
4
公教1-315
杨林
3 4
11
1
2
3
4
5
6
7
8
9
10
11

Java软件开发*
5
公教1-506
李圣文
3 4
8
10
11
12
13
14
16
17
18

数据库原理与应用A
2
地信楼213
杨林
5 8
2
4
5

数据库原理与应用A
2
地信楼213
杨林
5 8
1
9

Java软件开发*
3
公教1-508
李圣文
5 6
8
10
12
13
14
15
16
17
18

算法设计与分析
3
地信楼213
方芳
5 8
3
2
4
6

算法设计与分析
3
地信楼213
方芳
5 8
2
8
9

现代软件工程
5
地信楼213
赵一石
5 8
5
3
4
5
6
8

数据库原理与应用A
5
地信楼213
杨林
5 8
1
10

排球初级班*
1
未来城田径场
梁荣琪
7 8
16
1
2
3
4
5
6
8
9
10
12
13
14
15
16
17
18

